100
10 38
38 16 33 20 8 8 12 2 26 14
6 638
14 14 617 81 617 14
8 669
666 273 236 408 274 310 632 560
4 548
459 492 412 350
6 682
27 186 494 362 186 186
8 546
437 490 445 207 505 332 405 376
10 274
108 124 15 138 91 123 202 121 186 176
4 432
163 245 392 291
3 97
83 56 70
10 700
1 1 1 1 1 1 1 1 1 1
8 646
98 149 524 451 428 149 428 451
9 673
648 296 153 619 153 648 296 569 619
10 142
59 98 23 52 116 114 95 35 133 141
6 238
107 5 131 233 23 215
1 210
187
4 344
325 153 333 186
5 638
510 275 574 637 456
6 338
96 183 279 155 59 242
4 309
293 263 270 290
10 340
162 168 69 116 189 242 246 11 43 173
10 156
123 50 3 6 20 100 44 153 125 37
10 321
292 273 247 110 1 254 268 300 33 150
8 441
305 303 156 311 331 293 417 290
10 349
298 301 111 291 301 77 270 262 304 292
10 214
208 135 30 84 79 154 99 42 185 65
10 493
350 294 408 86 422 180 456 456 25 414
7 209
93 161 144 107 75 83 102
4 661
227 303 136 82
1 507
281
10 444
400 117 95 296 16 75 72 332 297 224
10 17
1 14 15 8 7 7 3 13 11 15
5 315
4 102 290 192 147
5 673
428 485 310 535 376
10 466
290 408 77 454 464 69 268 110 345 262
6 246
221 108 35 234 62 102
5 498
487 455 345 376 477
10 369
275 117 232 263 15 98 279 180 144 117
10 693
462 666 308 120 325 677 75 168 3 528
6 562
181 520 209 42 353 381
9 248
92 61 207 138 113 70 17 184 178
3 303
115 209 114
6 593
188 201 392 55 405 538
6 581
537 435 45 147 576 6
3 347
287 287 338
3 635
13 410 234
5 97
84 83 66 84 74
8 149
106 64 17 119 33 142 101 22
4 315
47 106 126 5
6 398
213 13 385 361 185 37
4 322
193 223 108 275
10 1
1 1 1 1 1 1 1 1 1 1
1 535
54
4 52
18 5 42 47
6 675
400 369 369 400 667 36
6 672
23 558 449 223 649 114
10 423
283 28 211 78 263 143 422 140 405 78
9 689
456 495 374 517 399 306 640 316 685
6 236
32 180 146 204 90 56
6 268
61 207 258 10 164 104
10 491
480 82 354 478 39 283 233 197 31 4
7 575
257 448 448 257 507 448 507
10 240
67 113 232 127 107 229 145 194 192 190
7 659
351 349 338 270 473 385 325
2 260
212 54
10 552
258 160 290 109 492 255 109 330 17 500
10 637
288 195 611 436 35 68 111 438 561 281
10 172
27 61 165 55 167 37 18 56 120 96
10 308
278 36 153 39 282 39 265 296 69 248
10 475
375 396 28 354 49 71 22 473 47 329
1 291
87
4 569
294 457 68 110
10 336
253 172 14 210 293 178 217 186 145 300
10 31
27 16 6 31 7 14 19 5 29 23
6 316
281 36 43 76 241 274
10 118
5 103 116 92 45 95 33 16 102 24
4 451
226 221 425 274
6 633
206 608 25 505 128 427
10 333
143 110 151 17 134 316 182 190 199 223
9 351
236 246 304 236 306 260 350 313 324
4 314
186 165 253 108
6 488
300 285 415 164 488 198
6 367
187 131 341 147 191 253
10 279
81 258 14 128 224 227 94 86 244 82
6 249
129 81 121 218 169 32
10 466
219 219 411 389 199 205 411 205 210 389
10 355
44 346 60 296 122 100 19 152 188 333
10 399
248 83 394 398 193 343 178 214 259 291
7 578
494 333 379 311 259 398 339
10 105
47 13 35 69 45 7 35 51 67 9
7 687
623 673 564 466 555 623 654
5 343
23 178 65 175 56
10 306
131 162 200 145 172 209 151 252 235 120
10 171
131 103 52 35 35 128 3 145 20 63
8 374
292 292 220 220 77 292 220 324
9 394
49 47 225 49 264 225 66 49 66
8 562
25 90 16 169 16 7 90 7
10 567
537 366 415 104 436 448 147 292 170 325
10 209
110 122 50 71 168 208 176 23 38 192
5 263
89 121 192 255 138
8 673
278 382 631 457 474 527 606 669
