100
1 204
33
2 289
123 63
5 528
286 319 206 142 299
4 351
294 236 343 175
5 434
251 290 236 421 184
10 259
106 245 97 222 117 217 234 185 132 19
5 276
138 151 146 136 140
3 121
91 85 108
10 308
214 233 136 168 26 295 83 181 256 135
3 632
521 457 220
10 191
33 181 113 5 35 4 47 63 16 91
7 690
495 632 559 584 566 240 280
8 638
362 421 277 207 331 218 308 432
10 592
49 516 156 430 497 539 451 425 324 394
10 287
41 54 279 131 230 187 179 182 217 232
8 478
377 283 408 166 224 279 322 231
5 430
211 357 277 380 260
10 538
515 245 117 480 243 245 402 138 77 96
6 685
79 549 484 136 201 606
4 445
338 174 255 416
10 294
256 274 235 218 270 171 183 103 38 50
7 339
213 133 182 127 332 251 267
6 172
37 136 41 132 156 17
8 432
249 165 382 168 249 249 322 382
8 334
283 232 175 53 51 281 102 159
10 257
76 137 254 114 134 188 188 139 149 99
10 134
100 6 25 8 117 68 22 100 97 13
10 82
28 29 41 26 68 15 78 79 11 8
8 262
70 192 39 163 260 223 99 2
9 121
120 24 87 13 11 23 118 76 41
9 300
132 124 221 281 178 253 108 128 292
8 36
8 28 22 14 14 18 22 18
10 151
120 141 83 19 135 114 109 67 149 147
6 134
56 125 9 18 78 116
6 584
375 462 572 163 298 516
10 333
230 42 118 48 241 39 256 191 183 262
8 463
54 261 23 287 54 23 23 287
10 261
61 70 157 80 261 154 188 151 153 96
9 355
346 90 268 116 127 296 294 57 314
10 591
286 243 368 401 202 504 541 471 530 287
3 510
450 380 253
10 483
66 452 265 145 267 315 332 154 381 425
10 303
108 178 125 112 99 19 108 54 139 213
10 528
52 141 243 425 29 52 29 393 29 141
10 633
362 524 199 562 509 126 113 393 86 285
10 169
41 165 165 139 61 23 13 112 67 103
10 545
425 173 7 346 492 319 159 341 544 459
9 347
322 166 33 199 245 159 43 340 316
8 536
402 360 242 394 480 402 402 480
10 615
595 584 568 17 51 476 411 107 4 51
10 631
604 451 528 550 579 506 457 608 624 515
10 308
199 52 195 226 53 93 174 227 95 96
10 329
56 72 166 260 126 145 156 310 43 226
10 444
27 180 419 217 164 113 408 242 136 324
10 235
3 156 73 54 24 186 109 202 128 105
10 485
143 40 104 245 58 319 63 46 423 6
8 562
409 468 348 451 497 330 467 243
8 415
112 355 346 300 333 218 140 210
10 344
79 129 80 82 291 246 287 233 292 39
10 1
1 1 1 1 1 1 1 1 1 1
1 68
55
8 630
473 362 210 254 380 312 395 605
10 7
3 6 3 7 3 4 1 1 6 6
8 651
595 582 595 603 464 582 603 603
8 301
103 55 183 33 130 160 211 283
6 424
313 360 384 360 384 384
10 447
185 241 358 363 64 357 5 33 406 44
5 682
300 321 557 531 235
10 685
227 119 53 193 328 193 428 214 393 582
8 494
492 425 174 343 339 40 296 110
6 611
476 4 607 453 158 135
6 323
231 271 234 92 89 52
4 382
290 278 347 298
8 423
142 281 249 16 345 174 78 407
6 552
545 7 260 306 292 246
9 359
301 254 300 332 218 173 333 221 359
8 244
215 187 207 202 170 166 179 173
10 288
6 190 122 138 253 248 91 40 156 38
9 408
149 216 227 342 182 351 362 327 159
6 481
409 213 303 269 73 179
10 61
14 61 35 39 34 23 26 24 39 41
4 145
131 101 73 70
9 415
398 176 153 52 398 176 287 205 398
6 279
278 239 275 103 251 224
8 653
388 388 590 234 590 376 643 643
10 349
298 270 319 190 217 170 290 201 345 311
5 543
430 376 206 431 339
10 700
1 1 1 1 1 1 1 1 1 1
5 691
643 158 541 405 268
6 594
28 489 232 8 143 314
9 412
408 294 405 331 365 380 278 336 407
1 690
632
7 374
143 4 326 143 326 4 140
10 549
263 248 503 263 280 242 242 503 263 263
3 278
123 70 158
5 426
403 78 338 293 270
4 681
587 638 306 159
4 271
98 142 228 149
6 357
257 52 303 305 54 100
10 676
40 130 474 387 46 181 343 189 501 341
